name: calgary_di
channels:
  - conda-forge
  - defaults
dependencies:
  - asttokens=2.4.1=pyhd8ed1ab_0
  - bzip2=1.0.8=hcfcfb64_5
  - ca-certificates=2023.12.12=haa95532_0
  - colorama=0.4.6=pyhd8ed1ab_0
  - comm=0.2.1=pyhd8ed1ab_0
  - debugpy=1.8.0=py311h12c1d0e_1
  - decorator=5.1.1=pyhd8ed1ab_0
  - exceptiongroup=1.2.0=pyhd8ed1ab_2
  - executing=2.0.1=pyhd8ed1ab_0
  - importlib-metadata=7.0.1=pyha770c72_0
  - importlib_metadata=7.0.1=hd8ed1ab_0
  - ipykernel=6.29.0=pyha63f2e9_0
  - ipython=8.20.0=pyh7428d3b_0
  - jedi=0.19.1=pyhd8ed1ab_0
  - jupyter_client=8.6.0=pyhd8ed1ab_0
  - jupyter_core=5.7.1=py311h1ea47a8_0
  - libexpat=2.5.0=h63175ca_1
  - libffi=3.4.4=hd77b12b_0
  - libsodium=1.0.18=h8d14728_1
  - libsqlite=3.44.2=hcfcfb64_0
  - libzlib=1.2.13=hcfcfb64_5
  - matplotlib-inline=0.1.6=pyhd8ed1ab_0
  - nest-asyncio=1.6.0=pyhd8ed1ab_0
  - openssl=3.2.0=hcfcfb64_1
  - packaging=23.2=pyhd8ed1ab_0
  - parso=0.8.3=pyhd8ed1ab_0
  - pickleshare=0.7.5=py_1003
  - pip=23.3.2=pyhd8ed1ab_0
  - platformdirs=4.1.0=pyhd8ed1ab_0
  - prompt-toolkit=3.0.42=pyha770c72_0
  - psutil=5.9.8=py311ha68e1ae_0
  - pure_eval=0.2.2=pyhd8ed1ab_0
  - pygments=2.17.2=pyhd8ed1ab_0
  - python=3.11.7=h2628c8c_1_cpython
  - python-dateutil=2.8.2=pyhd8ed1ab_0
  - python_abi=3.11=4_cp311
  - pywin32=306=py311h12c1d0e_2
  - pyzmq=25.1.2=py311h9250fbb_0
  - setuptools=69.0.3=pyhd8ed1ab_0
  - six=1.16.0=pyh6c4a22f_0
  - sqlite=3.44.2=hcfcfb64_0
  - stack_data=0.6.2=pyhd8ed1ab_0
  - tk=8.6.13=h5226925_1
  - tornado=6.3.3=py311ha68e1ae_1
  - traitlets=5.14.1=pyhd8ed1ab_0
  - typing_extensions=4.9.0=pyha770c72_0
  - ucrt=10.0.22621.0=h57928b3_0
  - vc=14.3=hcf57466_18
  - vc14_runtime=14.38.33130=h82b7239_18
  - vs2015_runtime=14.38.33130=hcb4865c_18
  - wcwidth=0.2.13=pyhd8ed1ab_0
  - wheel=0.42.0=pyhd8ed1ab_0
  - xz=5.4.5=h8cc25b3_0
  - zeromq=4.3.5=h63175ca_0
  - zipp=3.17.0=pyhd8ed1ab_0
  - zlib=1.2.13=hcfcfb64_5
  - pip:
      - aiohttp==3.9.3
      - aiosignal==1.3.1
      - appdirs==1.4.4
      - attrs==23.2.0
      - beautifulsoup4==4.12.3
      - bleach==6.1.0
      - certifi==2024.2.2
      - charset-normalizer==3.3.2
      - click==8.1.7
      - contourpy==1.2.0
      - cycler==0.12.1
      - defusedxml==0.7.1
      - docker-pycreds==0.4.0
      - et-xmlfile==1.1.0
      - fastjsonschema==2.19.1
      - filelock==3.13.1
      - fonttools==4.47.2
      - frozenlist==1.4.1
      - fsspec==2024.2.0
      - gitdb==4.0.11
      - gitpython==3.1.42
      - idna==3.6
      - install==1.3.5
      - jinja2==3.1.3
      - joblib==1.3.2
      - jsonschema==4.21.1
      - jsonschema-specifications==2023.12.1
      - jupyterlab-pygments==0.3.0
      - kiwisolver==1.4.5
      - lightning-utilities==0.10.1
      - markupsafe==2.1.5
      - matplotlib==3.8.2
      - mistune==3.0.2
      - mpmath==1.3.0
      - multidict==6.0.5
      - nbclient==0.9.0
      - nbconvert==7.16.1
      - nbformat==5.9.2
      - networkx==3.2.1
      - numpy==1.26.3
      - opencv-python==4.9.0.80
      - openpyxl==3.1.2
      - pandas==2.2.0
      - pandocfilters==1.5.1
      - pillow==10.2.0
      - protobuf==4.25.3
      - pyparsing==3.1.1
      - python-dotenv==1.0.0
      - pytorch-lightning==2.2.0.post0
      - pytz==2023.3.post1
      - pyyaml==6.0.1
      - referencing==0.33.0
      - requests==2.31.0
      - rpds-py==0.18.0
      - scikit-learn==1.4.0
      - scipy==1.12.0
      - sentry-sdk==1.40.6
      - setproctitle==1.3.3
      - smmap==5.0.1
      - soupsieve==2.5
      - sympy==1.12
      - threadpoolctl==3.2.0
      - tinycss2==1.2.1
      - torch==2.2.1
      - torchinfo==1.8.0
      - torchmetrics==1.3.1
      - torchsummary==1.5.1
      - torchvision==0.17.1
      - tqdm==4.66.2
      - tzdata==2023.4
      - urllib3==2.2.1
      - wandb==0.16.3
      - webencodings==0.5.1
      - yarl==1.9.4
prefix: C:\Users\chris\miniconda3\envs\calgary_di
